-1.027467235630059150e+01 4.239330935716577042e-01 -8.397322225368158977e-01 -1.005726503017985607e+00 -7.576101150472546175e-01 -8.932113246162436404e-01 1.014124743925699290e+00 -6.316555782654051932e-01 -1.272841157350375729e+00 3.503579118717403684e-01 5.172810599689908750e-01
2.891383302622218210e+00 1.508567099365054398e+00 1.174279055057071863e+00 -1.282467468618253115e+00 8.802465835290899099e-01 1.143287758546370547e+00 -1.198276886354762816e+00 4.187401325092613424e-01 -2.755624200619548048e-01 -8.745470920516169588e-01 -1.269930771960899318e-01
-3.115058995206063486e+01 7.750962529542964052e-01 -1.082790581842592470e+00 9.584591531635416883e-02 -1.535314255691525576e-01 -1.509634131621580666e+00 -3.324988869990548324e-01 -2.016178473146720940e+00 7.306734895109332495e-01 5.256669864727558060e-03 -4.952558516180523562e-01
-3.433448810359843506e+00 9.752625453414869305e-01 -3.391702358091625014e-01 -1.438139516272664897e+00 4.487365891355010183e-01 8.489853291021783877e-01 -1.484658271297865761e+00 2.064577693865958352e+00 -3.470420812254086385e-01 -1.852752984843266670e+00 4.936960639923072547e-01
2.367137623714412697e+01 1.288027006005511454e+00 -9.056191484670984559e-01 -6.477705926075767451e-01 8.751999202182122461e-01 -1.040755054524646894e+00 4.389160179738424428e-01 2.605706445587558928e-01 1.859222646712209437e-02 1.264239076961428676e+00 1.059527107501605281e+00
7.486750160347031446e+00 4.193494511372851119e-01 -1.652929691435790494e+00 -3.562259094489618749e-01 4.089505651717218471e-01 -6.216537797608090443e-02 -2.829784732787918311e-01 -8.448200448813389940e-01 4.447254158149621106e-01 1.837188593181468821e-01 5.377285482370729452e-01
-5.884796200688620971e+00 -4.800580807362926361e-01 1.658200201082172587e+00 3.844349810264301864e-02 -6.709907379846735687e-02 -1.682669192033957817e+00 1.394167613152858198e+00 5.899076891239164455e-01 -8.728130983486503958e-01 -7.125784121164746576e-02 -8.540461872815727773e-01
-1.931628362836489288e+01 -5.225047906323916358e-01 -1.256861685131699602e+00 -3.286281926522247737e-02 -5.625643672675103568e-01 1.134017796178488968e+00 -1.756935001539618568e+00 -7.360463269671358999e-01 -7.670367087659166749e-01 1.739618986296421532e+00 -1.058625354385018369e+00
1.361301044376871339e+01 2.269981703427281783e+00 -8.523234907556721529e-01 1.541572301370665476e+00 2.399005418717846672e-01 1.196073757782738722e+00 -1.067280915141075176e-01 1.785785464595859962e+00 -1.522222829055227100e+00 1.287350176103890353e+00 -1.010440783898839845e+00
-2.484458918642960157e+01 6.133821389729666729e-01 -9.131129972733228461e-01 3.084859683292457966e+00 3.824854115423786949e-01 -8.501159641048495752e-01 -5.612808556034925012e-01 3.329418706417940910e-01 -7.815205231600794722e-01 -1.481191241541429893e+00 -1.490459965833403233e+00
-2.334239216809562123e+01 9.447099890404243860e-02 1.676613077135408414e+00 -1.781014469250730148e+00 -5.873389006706424276e-01 -7.084999635427513542e-01 3.011167578728751737e-02 -1.041370978760722821e+00 1.345243036441350126e+00 -1.264974265047561497e+00 -1.184004707457451122e+00
8.697780017612206649e+00 7.323589561335758225e-01 -1.093628093124334288e+00 1.417751628097584649e-01 9.483571805191164383e-01 -5.057526780251698773e-01 2.757405513729745739e+00 3.581801713530329834e-01 -1.505848363866532980e+00 -1.030995234296905760e+00 8.505861615728926850e-01
-1.122468920799331826e+01 3.141244528478198683e-01 9.438663060339144151e-01 -2.375081742579775168e-01 -5.151322066724281501e-02 -7.938742510927528917e-01 -7.348624543283453769e-02 -5.105418797394381016e-03 -4.049318279881996413e-02 3.365909571569129510e-01 -4.592049180976525702e-01
1.056536873093022777e+01 -9.740029160671476172e-01 -1.723948685834251343e-02 1.526272229566142169e+00 1.017488706374933827e+00 -5.730214284840091654e-01 1.143312175917169660e-01 -2.374287399852889613e-01 5.544984452113436157e-01 -7.457176492579512539e-01 7.294102689112402782e-01
-1.206882466181265201e+01 -1.479952678636783148e+00 2.247903086608469270e+00 3.195558085893784872e-01 -6.313702235303416677e-01 6.548862318628833057e-01 -1.953713054058177745e+00 -1.386155307875221732e-01 -1.414496107181001161e+00 -4.499610317341700694e-01 7.132391043284497245e-01
-5.348003887131357992e+00 8.760988873167740998e-02 -8.529724265910458847e-01 2.699368439052557064e-02 2.008157400557342431e-01 -2.105402319416482815e-01 -9.129057381913017188e-01 -6.577630309206038417e-01 -8.455485513680741638e-01 6.789507594452133254e-01 6.015434833201221965e-01
-1.594485792898984933e+01 -3.364005306124929207e-01 2.260486598811345393e-02 -5.866935543904505668e-01 -1.478826651667306979e+00 3.408585444360993644e-01 3.313230100345667117e-01 -1.123197593853370591e-01 5.938354340362107520e-01 -3.079288956609888550e-01 -4.296602214909937545e-01
5.451884864375420747e+00 -9.717690039763773324e-01 -3.142423482444499094e-01 2.608173040089534767e-01 -1.064376699859406417e+00 -3.582195398224591876e-01 6.187491212998962320e-01 6.013065446064853881e-02 9.361426567477623140e-01 6.630655294417484580e-01 -4.910784793091877432e-01
-1.421587098626994816e+01 -4.311430074702423121e-01 -1.873467320388378266e+00 6.598329588704675563e-01 -7.546114436972068962e-01 -1.794286974537977475e+00 5.006145999809379354e-01 2.386552897819443630e-01 -1.482205914943741876e+00 -3.915583216458838889e-01 6.655490177740893687e-01
-3.393243280018190688e+01 -7.051745336433935529e-01 -1.376882743841385315e+00 8.442349550021505111e-02 1.383501074594049307e-01 6.549918101660000547e-01 -7.158529844275048903e-01 -3.519514807137097967e-01 -3.768332383843779332e-01 -3.048655854282311672e+00 -9.558669042625825840e-01
1.611132021391313884e+01 -4.463785329495145726e-01 7.965354824916363041e-01 -4.626638745283506160e-01 -9.430215254796620039e-01 -7.118637884182399400e-02 4.881063825459935890e-01 1.275834267136655376e+00 -3.740181080873478670e-01 1.345155855234981157e+00 1.209274850904378695e+00
1.485947668697003010e+01 2.058914634922671461e+00 2.591541614981813346e+00 1.321370971252960214e+00 4.667244120018075870e-01 -1.054026096109269117e+00 -1.595278198405708781e-01 1.682188001830015045e+00 -6.637105239352282249e-01 -1.026588341122973480e+00 5.991749015267244793e-01
8.466187563752930245e+00 1.030185448149731009e+00 9.388772727072367541e-01 -1.144227266790533992e+00 5.335416161326197448e-01 8.392054422443799844e-01 1.873964469485734252e+00 1.695442377381371490e-01 -1.116442919465114647e+00 -2.880884042647890997e-01 2.298915860082234586e-02
1.255992165966470964e+01 3.101535954212017443e-01 -6.700732552541890374e-01 1.098922090320194167e+00 1.978929441165991010e+00 -4.237474613616633023e-01 4.322274220203524142e-01 4.385513942312128099e-01 -8.340856831568300711e-01 2.055279194147570931e-01 3.034723574613752972e-01
-2.234760645701652848e+01 1.295279269227391117e+00 -2.348547648641082564e+00 -1.623072083439483837e+00 -5.122084668813590147e-01 1.211585983953099716e-01 -8.215425635215006794e-02 -1.635276007064101922e+00 9.848856318573036006e-01 -1.534541279216303789e+00 7.470702504380191122e-01
-2.708142954225814947e+01 -2.228384446730724555e+00 -3.534257384260555690e-02 -4.206844846003465060e-02 -5.376175398665671290e-01 4.332516255330448596e-01 1.221055879295803726e+00 -1.830787534193571986e+00 -5.526225560422096672e-01 -2.058348440974952176e+00 4.357181786774453336e-01
1.354018646152377769e+01 3.587786421422460847e-01 -1.207853343480279514e-02 6.731423548242867483e-01 1.044016413990093595e+00 1.099529485259158612e+00 1.093411965392585117e+00 -6.163661505201337709e-01 7.189079167471155163e-01 -2.135988421203352805e-01 -2.215080830474155105e-01
1.019021484323689553e+00 -5.212391527843056593e-01 2.129420241111965151e+00 -7.466640309948012755e-01 -5.654087991448394357e-01 -1.892115533749614553e-01 2.370711946194118624e+00 -7.631304077011101805e-01 3.600716721818666283e-02 -9.402974204514640277e-01 3.069281825922931181e-02
9.620810713931753355e+00 -4.434744492750844480e-01 -1.644069116238086492e+00 -1.494549636903182765e+00 -1.312744472042217225e+00 1.887693355208651447e+00 -2.896233473069362296e-01 1.201825761426676076e+00 -5.079288573601487000e-01 2.513963187021324708e-01 1.233943158121962452e-01
-3.061029244950458050e+01 1.580052663191320317e+00 1.044042323538675987e+00 -1.250316977563238341e-01 -1.650992804846459272e+00 -1.110308679003483956e+00 3.386694507959182032e-01 5.992749636084457876e-01 -1.581653172108685723e+00 -2.321498634453967647e+00 -5.927226907625168101e-02
-1.126075133012296092e+01 -1.591896119126335218e+00 6.284892505576238353e-01 1.005783880909586037e+00 8.413204964713306699e-01 9.007169062822671934e-01 9.044959433711319274e-01 -1.761200491806623747e+00 -1.780475893620187433e+00 -8.153459057284009326e-01 1.015793726664213859e+00
2.523211666011234300e+01 7.691442324327504299e-01 1.051888216818745114e+00 1.597698258157526308e+00 2.690461625495350617e-01 6.047070923563996336e-01 1.576390599071117782e+00 -3.615479873092439789e-01 6.032695007758838157e-01 7.930670924603309135e-01 -8.977087788296839177e-01
2.526170697610412574e+00 -1.027256824134302748e+00 1.001841891340476076e+00 -1.129502728989095761e+00 1.815687482263554475e+00 -1.443247950456279627e+00 2.884388639602083471e-01 -1.171531736850505157e+00 6.117631980731371572e-02 -1.859792721448428471e-02 8.478281143233962203e-01
2.310875384305614233e+00 -1.361198736295875733e+00 -1.284075969942892470e-01 6.285035378371768566e-02 -1.327739619300017937e+00 7.646523204249749961e-01 7.802610129486469148e-01 8.666420201822532254e-01 4.760638079191519684e-02 1.867084750981901353e-01 -5.681589261575834549e-01
-7.896625783275112553e+00 1.077707489139552388e+00 -1.261793065144915849e+00 -9.060250613179196000e-01 1.132976747145220564e+00 -1.308323978666190712e-01 -1.819570305605388294e-01 1.079529205137519821e+00 -3.900520627937681395e-01 -1.962821193189983493e+00 -2.335594747277378036e-01
-3.378183591088664173e+01 -1.212384878827555967e+00 -1.516168238987606331e-01 -7.080639041488506757e-01 -4.510789070413287472e-01 -8.509838217360001789e-01 -2.282329912057952659e-01 -6.614889018597063242e-01 -7.200859858564276524e-03 -1.182291463487910255e+00 -1.102030920321881435e+00
-1.082389243850284899e+01 3.014813362427982701e-01 1.050647634349989756e+00 1.228457708839371332e+00 4.595829783000721785e-02 1.480837334200405309e+00 -7.724740653850057370e-01 1.658311176119558361e+00 -1.492538941016905651e+00 -5.426203326199896537e-01 -1.717697693762732625e+00
-3.975690818269596605e+01 1.254752501406990461e-01 -1.217862404283830857e+00 -1.314582458666984532e+00 3.113679889872051909e-01 -4.279581014933107608e-01 7.607706848739131944e-01 1.388166563733550962e+00 -1.125915403960306094e+00 -2.447832157416189425e+00 -1.760730248261435982e+00
1.338768180074286329e+00 -2.504753244725343997e-01 -1.092168431595818223e+00 3.222829643205564754e-01 8.422030798984511124e-01 3.528241092916362120e-01 -6.515045792575008266e-01 6.346566668616224760e-01 2.118309789564789103e+00 -1.239379062618450655e+00 -7.096990276861390168e-01
-1.483367483348639837e+01 1.601757505460532638e+00 -1.450408569172870310e+00 6.793762982023504593e-02 -3.389021672577070543e-01 -1.634894796392511590e-02 -4.775082562595059366e-01 1.865090050188053794e-01 5.094410743432673527e-01 -4.944740661446861418e-01 -6.284472887889454018e-01
2.326589226478730765e+01 -7.372293080129340703e-01 4.257463505692022504e-02 -9.943923737427303733e-01 -2.627098904283799441e-01 1.620362642358339211e-01 -5.685069701369752267e-03 7.051879055521540485e-01 9.199899516183626114e-01 1.799945684305651161e+00 -4.949975976768971053e-01
2.069898991405908717e+00 4.648609916355252447e-01 9.490539281902630186e-01 1.188465011269011384e+00 1.076716511635571472e+00 9.456569468377490351e-01 -9.570142163313234418e-01 2.336335546229860727e-01 -1.462426693692242541e-01 6.579460645400593277e-01 -2.220308093676842454e+00
5.598447755673336523e+00 1.774205345104682696e-01 -6.574914967790818077e-01 1.321501382629509447e+00 7.429791487797038352e-01 -1.601392614835169259e-01 -3.256418077093569674e-01 7.142335745748587539e-02 -6.470321881182755641e-01 1.415344803481996871e+00 -1.585696215780730556e-01
-1.513329779541588316e+01 -2.907009162394924573e-01 -2.539960478111991660e-01 -8.703449655628263670e-01 -1.680580222277020974e+00 7.601361542939844007e-01 -4.663229382050151917e-01 -1.167045730828652692e-02 -2.816105162837280740e-01 -1.097988273897952283e+00 -2.775693691051283815e-02
-2.635499271769412744e+01 1.012975299400254769e+00 -5.843658144034790114e-01 -5.633080176198030919e-01 -4.053290721583420742e-01 -8.935433932373090249e-01 -1.222621999588398456e+00 -3.430514434707378491e-01 6.235343836080355917e-01 3.395933004971258828e-01 -1.431948405569626992e+00
-1.760549705371311191e+01 -2.637893936355043545e-01 8.705214569148356230e-01 4.030390805836124857e-01 -1.027074965843288279e+00 -2.754517921811281966e-01 -1.059709404153262868e+00 -1.360861071229860775e+00 -3.660393823925971457e-01 -2.901944327678071534e-01 3.851875129143891296e-01
-1.964951069280301965e+01 -2.155260249877686551e-01 -4.577563372633849381e-01 6.707836533146380731e-01 -1.485692711016897594e+00 6.595822646988401816e-01 -7.369913038652330384e-01 -1.403926974069753308e+00 -5.595031260021899877e-01 2.860164126418184849e-01 -1.680012697303580049e-01
-4.973253152281318989e+01 -2.478769273785017990e+00 -5.316630463712636034e-01 -4.492968150226793189e-01 -1.245267901180597381e+00 -9.372622820251775844e-01 -7.786439691848420219e-01 -1.623278155160084113e+00 4.112939108508695263e-01 -1.214151611035215295e+00 -1.577909906189937095e+00
-3.459284924965997732e+01 3.734192386658503060e-01 4.369846068319436783e-01 -2.202774817679645780e-01 1.729194490074589530e-01 -2.257031843898065659e+00 -4.599535228671142728e-01 -1.254887665307512057e+00 -2.367367726797903471e-01 -1.358493464325762901e+00 8.588305469788797344e-03
3.476387236352798027e+01 -5.542300457844244743e-01 1.788852407701344571e+00 1.517702954996478892e+00 -2.252279403269423497e-01 4.205685172544358919e-01 4.083426579595001438e-01 1.484324812047638664e+00 8.390081748104647463e-01 -3.535769818638455630e-01 1.244456007813903309e+00
-3.775690224717119126e+00 -4.601981934782479744e-01 7.568916705386118382e-01 -8.637605323236100530e-01 -2.904167621363145102e-01 9.484640723088846315e-01 -9.239183086247138021e-01 -7.921460094910350025e-02 1.057296295325772961e+00 -8.938518733520254278e-01 5.232256327258864026e-01
-8.853472602955417159e+00 -6.813831786071397056e-01 -5.521136718113014430e-01 2.740156092581436109e-01 4.707959096364524448e-02 1.059650706217706517e+00 -3.161437356119211617e-01 -2.239850462986434088e-01 -3.107053349135571740e-01 -1.791313315247264892e+00 -2.706418771583921634e-01
7.209783005380259180e-01 -4.488009627238753740e-01 1.969796271402294088e-02 1.927895617288442720e+00 -1.098421509790075357e+00 -1.016647297784349258e+00 -1.510012044466469694e-01 7.155622610523368343e-03 2.131644509501755547e+00 -1.205728096972571883e+00 -1.910908727672652740e-01
1.966868060825165543e+01 7.549869998088295509e-01 -1.010250758441726404e+00 -2.038838779602594187e+00 4.729887185921824444e-01 8.591446035473009057e-02 -6.026982075781699422e-01 3.794818903846587377e-01 -5.478431502644921791e-02 1.050229047863231679e+00 9.339483400949796232e-01
-1.678280695745923623e+01 -1.640145159013598919e+00 8.952989569068038334e-01 -2.648627040660359033e-01 -5.227180510073036190e-01 -9.492493654731458674e-01 1.234470185311758172e-01 -4.696139494347339460e-01 3.508386020858685339e-01 1.690567656825449960e+00 -2.065463241955695306e+00
-9.678029217876504831e+00 2.787004383368880955e-02 2.757311338427687053e-01 8.356964367475884503e-02 -1.816995611961992552e+00 2.168927298130819414e-01 9.215374446817178877e-02 6.263924970024369321e-01 7.933137919265316196e-01 -5.702926644250279065e-01 -1.316264349617357832e+00
-1.273762068060885966e+01 -2.195733870262952525e+00 1.004279723981232442e+00 -1.278048726374664046e+00 1.201578764308091074e+00 1.199070620157961731e+00 -9.058523795684705338e-01 1.045685118170686545e+00 -9.727594045300775871e-01 -9.309583098612711494e-01 -4.848872884920233384e-01
2.411447973020079516e+01 1.211906550013926331e+00 4.973891365762309058e-01 7.687165638755604213e-01 1.680027387596060073e+00 -3.323143421268373587e-01 7.395048102562009618e-01 1.726064542016815251e+00 1.117535528167084152e-01 -6.650041041955644383e-01 5.011485517779874777e-02
2.260930062579724975e+01 2.168140279378710567e+00 -8.615265392248377951e-01 -2.778603556871865887e-01 -1.278443478877078654e+00 2.044994034492587431e+00 5.735444432288100414e-01 1.156674092724932157e+00 5.053810480609933764e-01 -5.367371598825196877e-01 4.425521124878886159e-01
-9.677200315784370233e+00 1.065876156556702536e+00 -1.029239248629929548e+00 -1.273244343088701491e+00 2.764050558380060432e-02 1.195921271739475822e+00 2.293575389734981151e-01 -2.695455075436367087e-01 -6.752085391319334606e-01 -2.915696011846863334e-01 -3.914524723006533868e-01
1.619641125124177705e+01 1.005653430030334805e+00 2.231898224909261153e-01 1.124845998520468404e+00 1.613369375651032112e+00 -1.145402326150764871e+00 9.007492427722526562e-01 1.073435417788842772e+00 -4.606627244844121449e-01 -4.766289525799290439e-01 6.096612725426853174e-01
6.672144329190952305e+01 -4.496932731535224215e-01 -5.779520113867021580e-01 3.669613199156685379e+00 7.210259756014758548e-01 1.513740863490137478e+00 5.503924624896562312e-01 1.230688954808229152e+00 -5.223428385101744897e-01 1.506558643293284261e+00 1.522023439388883181e+00
2.765864593015049167e+00 -1.799305561986809243e+00 -3.960036591213792478e-01 1.661764755432854068e-01 2.685432346981357909e-01 1.268913606546484996e+00 6.308625707974496732e-01 -5.961707519931713772e-01 1.773940218674606439e-01 7.191504139350696212e-01 -5.763069929341479991e-01
-2.848372291591721961e+01 -2.265323608980051584e-01 -1.197250474443146251e+00 1.324436484257085933e+00 -4.451348022319427944e-01 -9.673104694820797156e-02 1.164670536476722501e-01 -1.079347987090306882e+00 -1.172664428220860700e+00 -1.031449915140022933e+00 1.835720690027964064e-01
1.184449067920445309e+01 -1.598509935316799968e+00 -7.961996928906993343e-02 -1.459527501178497833e+00 6.641647880996055520e-01 -4.877652732436859456e-02 3.443941322397736093e-01 5.915846213759744510e-01 2.311207065998565902e-01 7.649251262442112731e-01 1.146996078909987421e-01
-3.182249310802520270e+01 1.026083536702672605e+00 -1.333114927134487093e+00 -8.587556156268591478e-02 8.280681981673804204e-01 5.347264154280026993e-01 -9.035679910962486350e-01 -1.498048247065731253e+00 -1.392481598038507462e+00 -4.337492493059457166e-01 -2.088856916667048980e-01
2.880895938412926327e+01 -1.289572297280049407e+00 -1.866879281578170513e+00 1.972196428855139683e+00 -3.672614669914751051e-01 4.627218361267419477e-01 2.097870432598507306e-01 6.764797589052072846e-01 7.991796959340579098e-01 1.807900178605905461e+00 -2.148509472961025735e-01
-3.330671060871563327e+01 -2.176604265279289963e-01 -1.298648715468040671e-01 -1.456805194787567759e+00 2.520396489441720234e-01 5.421944557559549294e-02 7.659504245979568138e-01 -2.122834376386837640e-01 -1.369783545344416931e+00 -7.319400982559061408e-02 -1.376664469441131633e+00
-8.091208851658979739e+00 1.605608341196890887e+00 1.289959237376072210e+00 4.059338654574054517e-01 9.618022519471396137e-02 -6.806291209935768638e-01 -1.972980218265552588e-01 1.468868873279650655e+00 -5.980768993040592729e-01 -6.042640683665902483e-04 -8.846203960595883098e-01
-6.403491898612410083e+00 8.585362435786632052e-01 -1.841191475512987230e+00 3.038150368026195647e-01 -1.079569630638808550e-02 -1.087895313642834205e+00 -1.101408513309190651e+00 1.555488053578184433e-02 5.404844016019415553e-01 -7.325264673880895749e-01 7.306480888466361234e-01
8.036395334667210122e-01 -1.470103675645178853e+00 5.127744678123971056e-01 1.042741522354809103e+00 2.020852243597662523e-01 6.436940695841646409e-01 -1.173120869625677187e+00 9.862183305716829551e-01 -4.694851246166253378e-01 5.972960968320774056e-01 -3.519787661851144778e-01
-9.591096500703631733e+00 -9.563571366072901592e-01 -5.742742295691898313e-01 -1.455406337096743496e-01 1.243172877290375788e-01 1.766644309683864378e-01 -9.963892462627228497e-01 2.118160397329163225e-01 -5.610658184166388007e-02 5.665658936387023559e-01 -5.459846828026429510e-02
-2.114122920977780495e+01 -8.250270888386699308e-01 1.873333671557951385e+00 6.336330524238714679e-01 -1.355555432584001574e+00 -3.532668056913643717e-01 -7.858921503674998199e-01 6.378543127294843407e-01 8.580188295457115422e-02 -1.461256604131253578e+00 3.464630365826930625e-01
-4.336498109073158247e+00 -1.271245394562580344e+00 -7.799102294879537434e-01 -3.765394733195180921e-01 -6.740088254904861298e-01 1.921701924409796869e-01 -1.147236036494239997e+00 -5.563589670232723661e-01 8.743703370425623955e-01 9.744478031613517111e-01 -2.278539859761808672e-01
-2.926806321497777219e+01 5.469498351644125345e-01 1.725379889079754925e+00 -1.221611775447236869e+00 -3.850278002394609822e-01 -2.472447927185615679e+00 -1.766795147065968408e+00 -6.603827535776536362e-01 1.808704940802468852e-01 -1.554237974808901357e-01 -2.169042280829805436e-01
1.475766798231942012e+01 -5.765121953741551009e-01 1.276441687819060089e+00 1.138033104273254992e+00 -8.648498531385818699e-01 -4.834902088156235733e-02 -7.396070866092254725e-01 1.226949860695883583e-02 -2.638700839526199604e-01 1.152512135778808400e+00 5.748878198421372154e-01
-1.168588906447469711e+01 -8.359286695830302483e-01 -9.330955639579409100e-01 8.842344706449601910e-01 -2.368430474567386756e+00 -8.841057725282420732e-01 2.750540135972207034e-01 -9.900365249459864847e-01 -7.074664977855850134e-01 1.180537169924319230e+00 1.389396240111788194e-01
2.875938521503951506e+01 -1.082718578854881653e+00 -1.478980789557707176e+00 3.897969894680985373e-03 -1.362300609552233421e+00 3.251782410551798397e-01 1.510786445670830425e+00 2.991236024864452059e+00 -3.423155960982014745e-02 -8.415974855331206372e-01 2.349862116636672216e+00
2.187998081577789122e+01 7.252577883344779597e-01 -1.357808384194922668e+00 7.114515368393377059e-01 -7.660837271197598053e-01 1.669576131114988149e-01 1.085233605939002643e+00 -5.970105031040232602e-01 2.335217539681615939e+00 -1.318812322135485549e-01 6.923741496824782349e-01
-2.201105522707504036e+01 1.324930169458612417e+00 -1.935782782498658428e+00 1.392415447226448499e+00 -2.659454791033888932e-01 6.543652054943736029e-01 3.900605164899446642e-01 -2.097048905831083498e+00 2.666644254094710162e-02 -7.573548767312539010e-01 -3.440590458011134056e-01
3.323882499802747503e+01 1.136004123971166013e-01 -5.158597112519394123e-01 -3.636677753213301556e-01 -6.837658105736270642e-01 4.007315531010610110e-01 -1.303985551628216166e-01 1.272331685446771221e+00 2.429341208194789825e+00 -1.221059928909001391e+00 1.928692501314176022e+00
2.363407907843377842e+00 3.605974248652656922e-01 -7.984168341191623108e-01 -6.955169052226998216e-01 -1.885104662627263616e+00 -9.599888828399539831e-01 6.857654258360970090e-01 7.402301519903655702e-01 5.488066848152142185e-01 -1.381668835171450394e-01 1.323389630877739531e+00
8.470345123239649610e+00 -2.053355094871316122e-01 -5.411485773122752807e-01 1.867165470061453281e+00 -2.975906081774830070e-01 -6.357528323001652160e-01 -2.677379174847859256e-01 1.384011664759339455e+00 1.874737701200474005e+00 -1.395638953628103973e+00 2.192944773559683536e-01
2.042011552307075206e+01 1.995472618755253391e+00 -1.054477335796119242e+00 1.229251282017529645e+00 -2.060461752895059728e-01 8.404044089961119068e-01 1.860582042044282847e-01 -9.201884015704991926e-01 7.022273826974534394e-01 4.855251227465857133e-01 1.230553326758472288e+00
9.033987871910742484e+00 2.535354979379358387e-01 4.596636030112103422e-01 4.620024784427906872e-01 -9.091739732072765534e-01 3.031759885385547637e-01 -6.666055849499785690e-02 9.547565420472423625e-01 1.424715734171091874e+00 -3.736735493426422972e-01 -5.661729360228544283e-02
-1.449688525754520541e+01 1.449351623447785731e-01 5.195459883158611847e-01 2.114852753069962343e+00 2.290506229436857222e+00 -1.318126696651072738e+00 -2.277581076137232541e-01 4.400276138441379103e-01 -9.528937404397100908e-01 2.663898620982307897e-01 -1.144984179388781387e+00
1.349058320834079794e+01 4.314734612544333658e-01 1.854756807080342629e+00 -1.189865356271190722e+00 1.017617595664610741e+00 -5.447524677895517753e-01 1.202394975166953150e+00 -2.348761813554365585e-01 2.132990782330899115e+00 -1.268526301433141046e-01 -5.501814820671002693e-01
3.940592021911258058e+01 9.121924778164381964e-01 -1.099197417402013877e-01 -3.884829331136325226e-01 2.007590446438423104e+00 -3.183938546036251260e-01 2.286406119586261929e-02 -8.678338433206075342e-01 1.271885075567712686e+00 9.273222935924817500e-01 1.844172385511476664e+00
3.844332904478934410e+01 1.339193179022126756e+00 1.291921666816479297e-01 7.761524598912604711e-01 1.326472868070679878e+00 6.186067231105961683e-01 6.411181943956408835e-01 2.795863086285311994e+00 -4.781800777051999352e-01 -2.450542095710331880e-01 1.928311159101371075e+00
2.852827769217535447e+01 -1.505815432066219595e+00 -1.897508962713237435e-01 9.992864712134679195e-01 -5.533943011341685425e-01 -5.928255439896614742e-01 5.215259806901981765e-01 -6.067755176426383734e-01 6.210926169787079898e-01 9.786422023338727794e-01 1.647958581741476358e+00
6.590174141898534899e+00 1.666704991740141084e+00 2.449290113931938129e-01 -4.115039083293697275e-01 -8.294842754431698273e-01 8.276875473349577517e-01 -8.980031169791804491e-01 1.122805004473985402e-01 1.570401669543076473e+00 -1.860065005656711679e-01 -4.459910336240233697e-01
2.458201504953271055e+00 2.147959978011152182e-01 3.136870041467896830e-01 4.068285771427804232e-01 -5.261836485218568393e-01 -4.353521751202290013e-01 -6.080083114903672703e-01 -8.116243900100293326e-03 5.190701868200562341e-01 1.240260403990306903e+00 -1.144029744038223884e+00
-1.557236398779780728e+01 -9.620604332657702040e-02 -3.934859027227136791e-02 -9.249958720760731445e-01 -1.669241610034962742e+00 -1.523747369969584931e+00 8.098324223389701260e-01 1.116445874636988050e-01 1.054276858203164968e+00 2.941059854563689013e-01 -2.217794801147754846e+00
-4.214083650073441589e+01 -4.194570078825063941e-01 -9.408609483595049561e-01 -3.548924681337232712e-01 -2.087399689025429605e+00 1.037617116816561103e+00 -2.044508415482532371e+00 -1.250030227964308294e-01 -1.697607591540581273e+00 -1.151991306049391650e-01 -1.712330468545438245e-01
6.093147010802752561e+00 -1.806987924899773112e+00 1.044910812968870895e+00 4.818921294503538122e-01 4.883967687693814841e-01 1.004202676066166255e-01 -1.471657467764327376e-01 -3.115609201371815629e-01 8.446147385209753500e-01 -9.614041712325069877e-01 8.654663176292944904e-01
9.695238193255383052e+00 4.316439538222087702e-01 -1.896983294172092771e+00 -3.545811502006114280e-01 2.119454033598145326e+00 8.901318966178772829e-01 6.084621377957030175e-01 2.233567941276793700e+00 -7.290450535752031336e-02 -1.065616290278387002e+00 -1.060899856348755055e+00
-1.441232852309371282e+01 2.307986848177012718e-01 1.082867015658652704e-02 1.140037288385611136e+00 1.077340365918482812e+00 -1.305702885307835848e+00 -9.635949001616087584e-01 6.288200206914253965e-01 -1.156845385504006396e+00 -2.660729765508907385e-01 -1.777944880262873617e-01
-4.466871713406781907e+00 -1.988324785174107046e-01 7.319544312309521628e-01 -1.425910496398335781e+00 5.726676311858623913e-01 -1.278507998647576027e+00 8.199958921905420306e-01 -7.711470779012443710e-01 7.877017916932618213e-01 8.068123977605055064e-01 -7.651798576499396765e-01
1.542586912845285063e+01 -1.453565859551536832e+00 2.650342832057714371e-02 -1.010821291306895020e+00 -1.865785897394655279e+00 3.934007512087068711e-03 -1.114557769600630799e+00 4.828907841266525947e-01 1.882361837713168451e-01 1.781099888032110057e+00 7.228571532810399436e-01
-5.025868858383126536e+01 -3.002249294472535412e-01 2.068615267747380138e+00 -4.936751086889107354e-01 -7.324097717868387480e-01 -4.809245592942779646e-01 -1.707724948738656989e+00 -3.513208585632117131e-01 -1.955470428913898218e+00 -1.120033694592459844e-04 -9.313028539746548429e-01
